bin Ex Popul. J= -0.0, J= +0.0 J= -1.0, J= +1.0 J= -2.0, J= +2.0 J= -3.0, J= +3.0 J= -4.0, J= +4.0 J= -5.0, J= +5.0 J= -6.0, J= +6.0 J= -7.0, J= +7.0 J= -8.0, J= +8.0 J= -9.0, J= +9.0

14 2.624 0.7316363636363636 0.0 0.0 0.0 0.2439 0.0 0.2439 0.0 0.2439 0.0 0.0 0.0 0.0 0.0 0.0 0.0 0.0 0.0 0.0 0.0 0.0
15 2.6845 0.7254466403162055 0.0 0.0 0.0 0.2418 0.0 0.2418 0.0 0.2418 0.0 0.0 0.0 0.0 0.0 0.0 0.0 0.0 0.0 0.0 0.0 0.0
16 2.745 0.7192569169960474 0.0 0.0 0.0 0.2398 0.0 0.2398 0.0 0.2398 0.0 0.0 0.0 0.0 0.0 0.0 0.0 0.0 0.0 0.0 0.0 0.0
17 2.8056 0.7130671936758892 0.0 0.0 0.0 0.2377 0.0 0.2377 0.0 0.2377 0.0 0.0 0.0 0.0 0.0 0.0 0.0 0.0 0.0 0.0 0.0 0.0
18 2.8661 0.7068774703557312 0.0 0.0 0.0 0.2356 0.0 0.2356 0.0 0.2356 0.0 0.0 0.0 0.0 0.0 0.0 0.0 0.0 0.0 0.0 0.0 0.0
19 2.9266 0.7006877470355731 0.0 0.0 0.0 0.2336 0.0 0.2336 0.0 0.2336 0.0 0.0 0.0 0.0 0.0 0.0 0.0 0.0 0.0 0.0 0.0 0.0
20 2.9871 0.694498023715415 0.0 0.0 0.0 0.2315 0.0 0.2315 0.0 0.2315 0.0 0.0 0.0 0.0 0.0 0.0 0.0 0.0 0.0 0.0 0.0 0.0
21 3.0477 0.6883083003952569 0.0 0.0 0.0 0.2294 0.0 0.2294 0.0 0.2294 0.0 0.0 0.0 0.0 0.0 0.0 0.0 0.0 0.0 0.0 0.0 0.0
22 3.1082 0.6821185770750988 0.0 0.0 0.0 0.2274 0.0 0.2274 0.0 0.2274 0.0 0.0 0.0 0.0 0.0 0.0 0.0 0.0 0.0 0.0 0.0 0.0
23 3.1687 0.6759288537549406 0.0 0.0 0.0 0.2253 0.0 0.2253 0.0 0.2253 0.0 0.0 0.0 0.0 0.0 0.0 0.0 0.0 0.0 0.0 0.0 0.0
24 3.2292 0.6697391304347826 0.0 0.0 0.0 0.2232 0.0 0.2232 0.0 0.2232 0.0 0.0 0.0 0.0 0.0 0.0 0.0 0.0 0.0 0.0 0.0 0.0
25 3.2897 0.6635494071146245 0.0 0.0 0.0 0.2212 0.0 0.2212 0.0 0.2212 0.0 0.0 0.0 0.0 0.0 0.0 0.0 0.0 0.0 0.0 0.0 0.0
26 3.3503 0.6573596837944664 0.0 0.0 0.0 0.2191 0.0 0.2191 0.0 0.2191 0.0 0.0 0.0 0.0 0.0 0.0 0.0 0.0 0.0 0.0 0.0 0.0
27 3.4108 0.6511699604743083 0.0 0.0 0.0 0.2171 0.0 0.2171 0.0 0.2171 0.0 0.0 0.0 0.0 0.0 0.0 0.0 0.0 0.0 0.0 0.0 0.0
28 3.4713 0.6449802371541502 0.0 0.0 0.0 0.215 0.0 0.215 0.0 0.215 0.0 0.0 0.0 0.0 0.0 0.0 0.0 0.0 0.0 0.0 0.0 0.0
29 3.5318 0.638790513833992 0.0 0.0 0.0 0.2129 0.0 0.2129 0.0 0.2129 0.0 0.0 0.0 0.0 0.0 0.0 0.0 0.0 0.0 0.0 0.0 0.0
30 3.5923 0.632600790513834 0.0 0.0 0.0 0.2109 0.0 0.2109 0.0 0.2109 0.0 0.0 0.0 0.0 0.0 0.0 0.0 0.0 0.0 0.0 0.0 0.0
31 3.6529 0.6264110671936759 0.0 0.0 0.0 0.2088 0.0 0.2088 0.0 0.2088 0.0 0.0 0.0 0.0 0.0 0.0 0.0 0.0 0.0 0.0 0.0 0.0
32 3.7134 0.6202213438735178 0.0 0.0 0.0 0.2067 0.0 0.2067 0.0 0.2067 0.0 0.0 0.0 0.0 0.0 0.0 0.0 0.0 0.0 0.0 0.0 0.0
33 3.7739 0.6140316205533597 0.0 0.0 0.0 0.2047 0.0 0.2047 0.0 0.2047 0.0 0.0 0.0 0.0 0.0 0.0 0.0 0.0 0.0 0.0 0.0 0.0
34 3.8344 0.6078418972332016 0.0 0.0 0.0 0.2026 0.0 0.2026 0.0 0.2026 0.0 0.0 0.0 0.0 0.0 0.0 0.0 0.0 0.0 0.0 0.0 0.0
35 3.895 0.6016521739130434 0.0 0.0 0.0 0.2006 0.0 0.2006 0.0 0.2006 0.0 0.0 0.0 0.0 0.0 0.0 0.0 0.0 0.0 0.0 0.0 0.0
36 3.9555 0.5954624505928854 0.0 0.0 0.0 0.1985 0.0 0.1985 0.0 0.1985 0.0 0.0 0.0 0.0 0.0 0.0 0.0 0.0 0.0 0.0 0.0 0.0
37 4.016 0.5892727272727273 0.0 0.0 0.0 0.1964 0.0 0.1964 0.0 0.1964 0.0 0.0 0.0 0.0 0.0 0.0 0.0 0.0 0.0 0.0 0.0 0.0
38 4.0765 0.5830830039525692 0.0 0.0 0.0 0.1944 0.0 0.1944 0.0 0.1944 0.0 0.0 0.0 0.0 0.0 0.0 0.0 0.0 0.0 0.0 0.0 0.0
39 4.137 0.5768932806324112 0.0 0.0 0.0 0.1923 0.0 0.1923 0.0 0.1923 0.0 0.0 0.0 0.0 0.0 0.0 0.0 0.0 0.0 0.0 0.0 0.0
40 4.1976 0.570703557312253 0.0 0.0 0.0 0.1902 0.0 0.1902 0.0 0.1902 0.0 0.0 0.0 0.0 0.0 0.0 0.0 0.0 0.0 0.0 0.0 0.0
41 4.2581 0.5645138339920948 0.0 0.0 0.0 0.1882 0.0 0.1882 0.0 0.1882 0.0 0.0 0.0 0.0 0.0 0.0 0.0 0.0 0.0 0.0 0.0 0.0
42 4.3186 0.5583241106719368 0.0 0.0 0.0 0.1861 0.0 0.1861 0.0 0.1861 0.0 0.0 0.0 0.0 0.0 0.0 0.0 0.0 0.0 0.0 0.0 0.0
43 4.3791 0.5521343873517787 0.0 0.0 0.0 0.184 0.0 0.184 0.0 0.184 0.0 0.0 0.0 0.0 0.0 0.0 0.0 0.0 0.0 0.0 0.0 0.0
44 4.4397 0.5459446640316206 0.0 0.0 0.0 0.182 0.0 0.182 0.0 0.182 0.0 0.0 0.0 0.0 0.0 0.0 0.0 0.0 0.0 0.0 0.0 0.0
45 4.5002 0.5397549407114625 0.0 0.0 0.0 0.1799 0.0 0.1799 0.0 0.1799 0.0 0.0 0.0 0.0 0.0 0.0 0.0 0.0 0.0 0.0 0.0 0.0
46 4.5607 0.5335652173913044 0.0 0.0 0.0 0.1779 0.0 0.1779 0.0 0.1779 0.0 0.0 0.0 0.0 0.0 0.0 0.0 0.0 0.0 0.0 0.0 0.0
47 4.6212 0.5273754940711464 0.0 0.0 0.0 0.1758 0.0 0.1758 0.0 0.1758 0.0 0.0 0.0 0.0 0.0 0.0 0.0 0.0 0.0 0.0 0.0 0.0
48 4.6817 0.5211857707509882 0.0 0.0 0.0 0.1737 0.0 0.1737 0.0 0.1737 0.0 0.0 0.0 0.0 0.0 0.0 0.0 0.0 0.0 0.0 0.0 0.0
49 4.7423 0.5149960474308299 0.0 0.0 0.0 0.1717 0.0 0.1717 0.0 0.1717 0.0 0.0 0.0 0.0 0.0 0.0 0.0 0.0 0.0 0.0 0.0 0.0
50 4.8028 0.508806324110672 0.0 0.0 0.0 0.1696 0.0 0.1696 0.0 0.1696 0.0 0.0 0.0 0.0 0.0 0.0 0.0 0.0 0.0 0.0 0.0 0.0
51 4.8633 0.5026166007905138 0.0 0.0 0.0 0.1675 0.0 0.1675 0.0 0.1675 0.0 0.0 0.0 0.0 0.0 0.0 0.0 0.0 0.0 0.0 0.0 0.0
52 4.9238 0.49642687747035574 0.0 0.0 0.0 0.1655 0.0 0.1655 0.0 0.1655 0.0 0.0 0.0 0.0 0.0 0.0 0.0 0.0 0.0 0.0 0.0 0.0
53 4.9843 0.4902371541501976 0.0 0.0 0.0 0.1634 0.0 0.1634 0.0 0.1634 0.0 0.0 0.0 0.0 0.0 0.0 0.0 0.0 0.0 0.0 0.0 0.0
54 5.0449 0.48404743083003954 0.0 0.0 0.0 0.1613 0.0 0.1613 0.0 0.1613 0.0 0.0 0.0 0.0 0.0 0.0 0.0 0.0 0.0 0.0 0.0 0.0
55 5.1054 0.47785770750988144 0.0 0.0 0.0 0.1593 0.0 0.1593 0.0 0.1593 0.0 0.0 0.0 0.0 0.0 0.0 0.0 0.0 0.0 0.0 0.0 0.0
56 5.1659 0.4716679841897233 0.0 0.0 0.0 0.1572 0.0 0.1572 0.0 0.1572 0.0 0.0 0.0 0.0 0.0 0.0 0.0 0.0 0.0 0.0 0.0 0.0
57 5.2264 0.46547826086956523 0.0 0.0 0.0 0.1552 0.0 0.1552 0.0 0.1552 0.0 0.0 0.0 0.0 0.0 0.0 0.0 0.0 0.0 0.0 0.0 0.0
58 5.287 0.4592885375494072 0.0 0.0 0.0 0.1531 0.0 0.1531 0.0 0.1531 0.0 0.0 0.0 0.0 0.0 0.0 0.0 0.0 0.0 0.0 0.0 0.0
59 5.3475 0.45309881422924897 0.0 0.0 0.0 0.151 0.0 0.151 0.0 0.151 0.0 0.0 0.0 0.0 0.0 0.0 0.0 0.0 0.0 0.0 0.0 0.0
60 5.408 0.4469090909090909 0.0 0.0 0.0 0.149 0.0 0.149 0.0 0.149 0.0 0.0 0.0 0.0 0.0 0.0 0.0 0.0 0.0 0.0 0.0 0.0
61 5.4685 0.4407193675889328 0.0 0.0 0.0 0.1469 0.0 0.1469 0.0 0.1469 0.0 0.0 0.0 0.0 0.0 0.0 0.0 0.0 0.0 0.0 0.0 0.0
62 5.529 0.43452964426877466 0.0 0.0 0.0 0.1448 0.0 0.1448 0.0 0.1448 0.0 0.0 0.0 0.0 0.0 0.0 0.0 0.0 0.0 0.0 0.0 0.0
63 5.5896 0.4283399209486166 0.0 0.0 0.0 0.1428 0.0 0.1428 0.0 0.1428 0.0 0.0 0.0 0.0 0.0 0.0 0.0 0.0 0.0 0.0 0.0 0.0
64 5.6501 0.4221501976284584 0.0 0.0 0.0 0.1407 0.0 0.1407 0.0 0.1407 0.0 0.0 0.0 0.0 0.0 0.0 0.0 0.0 0.0 0.0 0.0 0.0
65 5.7106 0.41596047430830035 0.0 0.0 0.0 0.1387 0.0 0.1387 0.0 0.1387 0.0 0.0 0.0 0.0 0.0 0.0 0.0 0.0 0.0 0.0 0.0 0.0
66 5.7711 0.4097707509881423 0.0 0.0 0.0 0.1366 0.0 0.1366 0.0 0.1366 0.0 0.0 0.0 0.0 0.0 0.0 0.0 0.0 0.0 0.0 0.0 0.0
67 5.8317 0.4035810276679842 0.0 0.0 0.0 0.1345 0.0 0.1345 0.0 0.1345 0.0 0.0 0.0 0.0 0.0 0.0 0.0 0.0 0.0 0.0 0.0 0.0
68 5.8922 0.39739130434782605 0.0 0.0 0.0 0.1325 0.0 0.1325 0.0 0.1325 0.0 0.0 0.0 0.0 0.0 0.0 0.0 0.0 0.0 0.0 0.0 0.0
69 5.9527 0.391201581027668 0.0 0.0 0.0 0.1304 0.0 0.1304 0.0 0.1304 0.0 0.0 0.0 0.0 0.0 0.0 0.0 0.0 0.0 0.0 0.0 0.0
70 6.0132 0.3850118577075099 0.0 0.0 0.0 0.1283 0.0 0.1283 0.0 0.1283 0.0 0.0 0.0 0.0 0.0 0.0 0.0 0.0 0.0 0.0 0.0 0.0
71 6.0737 0.37882213438735174 0.0 0.0 0.0 0.1263 0.0 0.1263 0.0 0.1263 0.0 0.0 0.0 0.0 0.0 0.0 0.0 0.0 0.0 0.0 0.0 0.0
72 6.1343 0.3726324110671937 0.0 0.0 0.0 0.1242 0.0 0.1242 0.0 0.1242 0.0 0.0 0.0 0.0 0.0 0.0 0.0 0.0 0.0 0.0 0.0 0.0
73 6.1948 0.3664426877470356 0.0 0.0 0.0 0.1221 0.0 0.1221 0.0 0.1221 0.0 0.0 0.0 0.0 0.0 0.0 0.0 0.0 0.0 0.0 0.0 0.0
74 6.2553 0.3602529644268775 0.0 0.0 0.0 0.1201 0.0 0.1201 0.0 0.1201 0.0 0.0 0.0 0.0 0.0 0.0 0.0 0.0 0.0 0.0 0.0 0.0
75 6.3158 0.3540632411067195 0.0 0.0 0.0 0.118 0.0 0.118 0.0 0.118 0.0 0.0 0.0 0.0 0.0 0.0 0.0 0.0 0.0 0.0 0.0 0.0
76 6.3763 0.3478735177865613 0.0 0.0 0.0 0.116 0.0 0.116 0.0 0.116 0.0 0.0 0.0 0.0 0.0 0.0 0.0 0.0 0.0 0.0 0.0 0.0
77 6.4369 0.3416837944664032 0.0 0.0 0.0 0.1139 0.0 0.1139 0.0 0.1139 0.0 0.0 0.0 0.0 0.0 0.0 0.0 0.0 0.0 0.0 0.0 0.0
78 6.4974 0.3354940711462451 0.0 0.0 0.0 0.1118 0.0 0.1118 0.0 0.1118 0.0 0.0 0.0 0.0 0.0 0.0 0.0 0.0 0.0 0.0 0.0 0.0
79 6.5579 0.329304347826087 0.0 0.0 0.0 0.1098 0.0 0.1098 0.0 0.1098 0.0 0.0 0.0 0.0 0.0 0.0 0.0 0.0 0.0 0.0 0.0 0.0
80 6.6184 0.32311462450592887 0.0 0.0 0.0 0.1077 0.0 0.1077 0.0 0.1077 0.0 0.0 0.0 0.0 0.0 0.0 0.0 0.0 0.0 0.0 0.0 0.0
81 6.679 0.31692490118577066 0.0 0.0 0.0 0.1056 0.0 0.1056 0.0 0.1056 0.0 0.0 0.0 0.0 0.0 0.0 0.0 0.0 0.0 0.0 0.0 0.0
82 6.7395 0.31073517786561267 0.0 0.0 0.0 0.1036 0.0 0.1036 0.0 0.1036 0.0 0.0 0.0 0.0 0.0 0.0 0.0 0.0 0.0 0.0 0.0 0.0
83 6.8 0.30454545454545456 0.0 0.0 0.0 0.1015 0.0 0.1015 0.0 0.1015 0.0 0.0 0.0 0.0 0.0 0.0 0.0 0.0 0.0 0.0 0.0 0.0
