#include "TGraph.h"

double adGSF_ETable[] = {
0.0,
0.05025125628140704,
0.10050251256281408,
0.15075376884422112,
0.20100502512562815,
0.2512562814070352,
0.30150753768844224,
0.35175879396984927,
0.4020100502512563,
0.45226130653266333,
0.5025125628140704,
0.5527638190954774,
0.6030150753768845,
0.6532663316582915,
0.7035175879396985,
0.7537688442211056,
0.8040201005025126,
0.8542713567839196,
0.9045226130653267,
0.9547738693467337,
1.0050251256281408,
1.0552763819095479,
1.105527638190955,
1.155778894472362,
1.206030150753769,
1.256281407035176,
1.306532663316583,
1.35678391959799,
1.407035175879397,
1.4572864321608041,
1.5075376884422111,
1.5577889447236182,
1.6080402010050252,
1.6582914572864322,
1.7085427135678393,
1.7587939698492463,
1.8090452261306533,
1.8592964824120604,
1.9095477386934674,
1.9597989949748744,
2.0100502512562817,
2.0603015075376887,
2.1105527638190957,
2.1608040201005028,
2.21105527638191,
2.261306532663317,
2.311557788944724,
2.361809045226131,
2.412060301507538,
2.462311557788945,
2.512562814070352,
2.562814070351759,
2.613065326633166,
2.663316582914573,
2.71356783919598,
2.763819095477387,
2.814070351758794,
2.864321608040201,
2.9145728643216082,
2.9648241206030153,
3.0150753768844223,
3.0653266331658293,
3.1155778894472363,
3.1658291457286434,
3.2160804020100504,
3.2663316582914574,
3.3165829145728645,
3.3668341708542715,
3.4170854271356785,
3.4673366834170856,
3.5175879396984926,
3.5678391959798996,
3.6180904522613067,
3.6683417085427137,
3.7185929648241207,
3.7688442211055277,
3.819095477386935,
3.869346733668342,
3.919597989949749,
3.969849246231156,
4.020100502512563,
4.07035175879397,
4.120603015075377,
4.170854271356784,
4.2211055276381915,
4.2713567839195985,
4.3216080402010055,
4.371859296482413,
4.42211055276382,
4.472361809045227,
4.522613065326634,
4.572864321608041,
4.623115577889448,
4.673366834170855,
4.723618090452262,
4.773869346733669,
4.824120603015076,
4.874371859296483,
4.92462311557789,
4.974874371859297,
5.025125628140704,
5.075376884422111,
5.125628140703518,
5.175879396984925,
5.226130653266332,
5.276381909547739,
5.326633165829146,
5.376884422110553,
5.42713567839196,
5.477386934673367,
5.527638190954774,
5.577889447236181,
5.628140703517588,
5.678391959798995,
5.728643216080402,
5.778894472361809,
5.8291457286432165,
5.8793969849246235,
5.9296482412060305,
5.9798994974874375,
6.030150753768845,
6.080402010050252,
6.130653266331659,
6.180904522613066,
6.231155778894473,
6.28140703517588,
6.331658291457287,
6.381909547738694,
6.432160804020101,
6.482412060301508,
6.532663316582915,
6.582914572864322,
6.633165829145729,
6.683417085427136,
6.733668341708543,
6.78391959798995,
6.834170854271357,
6.884422110552764,
6.934673366834171,
6.984924623115578,
7.035175879396985,
7.085427135678392,
7.135678391959799,
7.185929648241206,
7.236180904522613,
7.28643216080402,
7.336683417085427,
7.386934673366834,
7.437185929648241,
7.4874371859296485,
7.5376884422110555,
7.5879396984924625,
7.63819095477387,
7.688442211055277,
7.738693467336684,
7.788944723618091,
7.839195979899498,
7.889447236180905,
7.939698492462312,
7.989949748743719,
8.040201005025127,
8.090452261306533,
8.14070351758794,
8.190954773869347,
8.241206030150755,
8.291457286432161,
8.341708542713569,
8.391959798994975,
8.442211055276383,
8.492462311557789,
8.542713567839197,
8.592964824120603,
8.643216080402011,
8.693467336683417,
8.743718592964825,
8.793969849246231,
8.84422110552764,
8.894472361809045,
8.944723618090453,
8.99497487437186,
9.045226130653267,
9.095477386934673,
9.145728643216081,
9.195979899497488,
9.246231155778895,
9.296482412060302,
9.34673366834171,
9.396984924623116,
9.447236180904524,
9.49748743718593,
9.547738693467338,
9.597989949748744,
9.648241206030152,
9.698492462311558,
9.748743718592966,
9.798994974874372,
9.84924623115578,
9.899497487437186,
9.949748743718594,
10.0
};
const int nGSF_ETable = sizeof(adGSF_ETable)/sizeof(double);

double adGSF_E1[] = {
6.492234012666313e-09,
6.8292427486909e-09,
7.1663888153333065e-09,
7.503809656517889e-09,
7.84164294300505e-09,
8.180026686367603e-09,
8.519099353639662e-09,
8.858999982866304e-09,
9.199868299786044e-09,
9.541844835882457e-09,
9.885071048047072e-09,
1.022968944010189e-08,
1.0575843686437717e-08,
1.0923678758032964e-08,
1.1273341051127535e-08,
1.162497851883734e-08,
1.197874080600743e-08,
1.2334779387615333e-08,
1.2693247711051432e-08,
1.305430134261996e-08,
1.3418098118622552e-08,
1.3784798301406559e-08,
1.4154564740782612e-08,
1.4527563041239995e-08,
1.490396173541522e-08,
1.5283932464298044e-08,
1.566765016469093e-08,
1.605529326447271e-08,
1.6447043886254807e-08,
1.6843088060059797e-08,
1.7243615945696998e-08,
1.7648822065558965e-08,
1.8058905548616288e-08,
1.8474070386446725e-08,
1.889452570219833e-08,
1.9320486033456296e-08,
1.975217163005909e-08,
2.0189808767992785e-08,
2.0633630080583448e-08,
2.1083874908306707e-08,
2.1540789668642435e-08,
2.2004628247521164e-08,
2.2475652414039085e-08,
2.295413226026066e-08,
2.344034666808374e-08,
2.3934583805312672e-08,
2.443714165327172e-08,
2.494832856849573e-08,
2.5468463881259278e-08,
2.5997878533950975e-08,
2.6536915762568927e-08,
2.7085931824907854e-08,
2.764529677933151e-08,
2.8215395318377247e-08,
2.8796627661826748e-08,
2.938941051429994e-08,
2.999417809289197e-08,
3.061138323087813e-08,
3.1241498564063e-08,
3.188501780695028e-08,
3.254245712656269e-08,
3.321435662244973e-08,
3.390128192218777e-08,
3.460382590250394e-08,
3.532261054704419e-08,
3.6058288952756275e-08,
3.6811547497869076e-08,
3.758310818551567e-08,
3.8373731178161906e-08,
3.918421753915306e-08,
4.001541219885924e-08,
4.086820716406167e-08,
4.174354499033846e-08,
4.264242253823224e-08,
4.356589503484471e-08,
4.4515080463115685e-08,
4.549116430128768e-08,
4.649540463477494e-08,
4.752913766164415e-08,
4.859378361090728e-08,
4.9690853089480806e-08,
5.082195386853843e-08,
5.1988798112506144e-08,
5.319321004339427e-08,
5.4437134018604016e-08,
5.572264298061408e-08,
5.7051947210562855e-08,
5.84274032828346e-08,
5.985152307200682e-08,
6.132698260404059e-08,
6.2856630466844e-08,
6.4443495396994e-08,
6.609079253426035e-08,
6.780192767749122e-08,
6.958049867726625e-08,
7.143029285449817e-08,
7.3355279031263e-08,
7.535959239193493e-08,
7.744750995161187e-08,
7.962341389006546e-08,
8.189173941387407e-08,
8.425690314769568e-08,
8.672320735453664e-08,
8.929471459572807e-08,
9.197508685156236e-08,
9.476738277095025e-08,
9.767380680755257e-08,
1.0069540481794583e-07,
1.0383170262554612e-07,
1.070802875639034e-07,
1.1043633863596185e-07,
1.1389211917509469e-07,
1.17436457116711e-07,
1.2105425213230782e-07,
1.2472606516127608e-07,
1.2842786241941063e-07,
1.3213099947072345e-07,
1.358025366480419e-07,
1.3940596921245523e-07,
1.4290242859869057e-07,
1.4625236167655723e-07,
1.4941762485962524e-07,
1.5236384787834503e-07,
1.5506284429025745e-07,
1.5749479320888675e-07,
1.5964990891797864e-07,
1.6152936277335967e-07,
1.6314532102542163e-07,
1.6452009303727105e-07,
1.6568451652053487e-07,
1.6667580911617213e-07,
1.675351679055047e-07,
1.68305394868592e-07,
1.6902877666647128e-07,
1.697453706034894e-07,
1.7049176626659302e-07,
1.713003208501764e-07,
1.721988149444942e-07,
1.7321044678970753e-07,
1.7435407374858996e-07,
1.7564461457514107e-07,
1.770935391291931e-07,
1.787093886279963e-07,
1.8049828591663408e-07,
1.8246440959550118e-07,
1.8461041731058203e-07,
1.8693781199183435e-07,
1.8944725064185242e-07,
1.9213879893754716e-07,
1.95012136945461e-07,
1.9806672214473352e-07,
2.0130191608944498e-07,
2.047170807187957e-07,
2.0831164975003316e-07,
2.1208517990788594e-07,
2.1603738604652558e-07,
2.2016816355969952e-07,
2.2447760088014075e-07,
2.2896598435255092e-07,
2.3363379732695908e-07,
2.384817149567957e-07,
2.4351059589129145e-07,
2.4872147181636343e-07,
2.5411553561346817e-07,
2.596941287640194e-07,
2.654587285207362e-07,
2.7141093529050554e-07,
2.775524606206774e-07,
2.8388511614767464e-07,
2.904108038495476e-07,
2.971315079394311e-07,
3.040492887418994e-07,
3.111662789065501e-07,
3.184846823304426e-07,
3.260067761812328e-07,
3.337349164338232e-07,
3.416715473531312e-07,
3.4981921537196626e-07,
3.5818058782392844e-07,
3.667584769943852e-07,
3.755558699457046e-07,
3.845759645536178e-07,
3.938222121575665e-07,
4.0329836717681074e-07,
4.130085439738374e-07,
4.229572811552218e-07,
4.3314961338600404e-07,
4.4359115065556057e-07,
4.542881647702521e-07,
4.652476826606037e-07,
4.764775858789966e-07,
4.879867154289105e-07,
4.997849808105109e-07,
5.118834718920875e-07,
5.242945719253918e-07,
5.370320697182122e-07,
5.501112686627159e-07,
5.635490899958568e-07,
5.773641673408513e-07,
5.915769292476488e-07
};
TGraph *grGSF_E1 = new TGraph(nGSF_ETable,adGSF_ETable,adGSF_E1);

double adGSF_M1[] = {
0.0,
2.1413854228664117e-11,
4.2904853437774946e-11,
6.455082437982212e-11,
8.643096837798235e-11,
1.0862657645848624e-10,
1.312217786950789e-10,
1.5430434052686088e-10,
1.7796652003803132e-10,
2.0230600180564715e-10,
2.274269249911519e-10,
2.534410259536499e-10,
2.8046891890127177e-10,
3.086415421036309e-10,
3.381018021312337e-10,
3.6900645467993273e-10,
4.0152826805074905e-10,
4.358585246318196e-10,
4.722099272084729e-10,
5.108199911700107e-10,
5.519550214059555e-10,
5.959147948136708e-10,
6.430380970638875e-10,
6.937092971303894e-10,
7.483661870813722e-10,
8.075093703479443e-10,
8.717135525094512e-10,
9.416411789718883e-10,
1.0180589795093281e-09,
1.1018581279677296e-09,
1.1940789161959825e-09,
1.2959410869641682e-09,
1.4088812871516937e-09,
1.5345995096600333e-09,
1.6751169141939734e-09,
1.8328480802311456e-09,
2.0106915768377003e-09,
2.2121437512077996e-09,
2.4414418301365922e-09,
2.7037437153731185e-09,
3.0053529993978492e-09,
3.3539981724231356e-09,
3.759173516139432e-09,
4.232543267328761e-09,
4.78839526521199e-09,
5.4440957839567565e-09,
6.2204256258352175e-09,
7.141537393216298e-09,
8.234015845692667e-09,
9.524087022977513e-09,
1.1031388092665187e-08,
1.2757079875307496e-08,
1.4664309804580818e-08,
1.6652222326805134e-08,
1.8533815052538912e-08,
2.0041924810954288e-08,
2.0891269522797895e-08,
2.0891213678485835e-08,
2.0042097339685325e-08,
1.8535051725689088e-08,
1.665546836657952e-08,
1.4670319887827798e-08,
1.2766320265534679e-08,
1.1044079320203011e-08,
9.540290434292079e-09,
8.253709119186337e-09,
7.16466438245444e-09,
6.246924217069724e-09,
5.473911399379253e-09,
4.8214862564054825e-09,
4.2688821923601505e-09,
3.798746555508589e-09,
3.396803854909808e-09,
3.051400800626478e-09,
2.753052773135425e-09,
2.494039862701699e-09,
2.2680661917236246e-09,
2.0699809064544438e-09,
1.8955533326334257e-09,
1.7412933235573643e-09,
1.6043082771102232e-09,
1.4821894449858779e-09,
1.3729214440410693e-09,
1.2748100715686839e-09,
1.1864245429073054e-09,
1.1065511005742364e-09,
1.034155606797861e-09,
9.683532526175654e-10,
9.08383923579164e-10,
8.535920783362729e-10,
8.034102419823807e-10,
7.573454065707572e-10,
7.149677795138225e-10,
6.759014360827308e-10,
6.398165225246336e-10,
6.064227271196453e-10,
5.754637922148919e-10,
5.467128842766114e-10,
5.199686738867932e-10,
4.950520053740463e-10,
4.718030579486723e-10,
4.50078918000145e-10,
4.2975149653539883e-10,
4.107057373080778e-10,
3.9283807057418643e-10,
3.76055075049285e-10,
3.602723168831499e-10,
3.4541333958360673e-10,
3.31408783029033e-10,
3.181956131814404e-10,
3.057164469868311e-10,
2.939189593370336e-10,
2.82755360956091e-10,
2.721819377360277e-10,
2.6215864343925046e-10,
2.526487388549199e-10,
2.436184714825344e-10,
2.3503679064893226e-10,
2.2687509367047623e-10,
2.1910699927134565e-10,
2.1170814497892002e-10,
2.0465600565248132e-10,
1.9792973067373496e-10,
1.915099976467812e-10,
1.8537888072935318e-10,
1.7951973195320737e-10,
1.7391707409523918e-10,
1.6855650383699463e-10,
1.6342460410280222e-10,
1.585088645991628e-10,
1.5379760969318018e-10,
1.4927993286813772e-10,
1.4494563708187944e-10,
1.4078518043020965e-10,
1.367896265845708e-10,
1.3295059953207745e-10,
1.292602421976702e-10,
1.2571117857364008e-10,
1.2229647902187443e-10,
1.1900962844957158e-10,
1.1584449709047209e-10,
1.1279531365136396e-10,
1.0985664060819213e-10,
1.0702335145792005e-10,
1.0429060975168842e-10,
1.0165384975208645e-10,
9.910875857274804e-11,
9.66512596722243e-11,
9.427749758636864e-11,
9.198382379445565e-11,
8.976678362410262e-11,
8.762310410889092e-11,
8.554968272051184e-11,
8.35435769043903e-11,
8.160199435415215e-11,
7.972228396607965e-11,
7.790192741990934e-11,
7.613853133703335e-11,
7.44298199714128e-11,
7.277362839236064e-11,
7.116789612183158e-11,
6.961066119201317e-11,
6.810005459187474e-11,
6.663429507393141e-11,
6.521168429484173e-11,
6.383060226560828e-11,
6.248950308910586e-11,
6.118691096444635e-11,
5.992141643931353e-11,
5.869167289288852e-11,
5.749639323333798e-11,
5.633434679508187e-11,
5.520435642218611e-11,
5.410529572526958e-11,
5.303608650026111e-11,
5.1995696298219276e-11,
5.0983136136224526e-11,
4.999745834009237e-11,
4.9037754510328376e-11,
4.81031536033707e-11,
4.719282012073491e-11,
4.630595239920463e-11,
4.5441780995695644e-11,
4.4599567160869144e-11,
4.37786013959825e-11,
4.297820208784765e-11,
4.21977142171186e-11,
4.1436508135455984e-11,
4.06939784074172e-11,
3.9969542713199763e-11,
3.9262640808623223e-11,
3.8572733538974844e-11,
3.789930190356508e-11,
3.7241846168045585e-11,
3.6599885021732555e-11,
3.597295477735625e-11,
3.5360608610821575e-11,
3.476241583871852e-11,
3.4177961231462905e-11,
3.360684436008136e-11
};
TGraph *grGSF_M1 = new TGraph(nGSF_ETable,adGSF_ETable,adGSF_M1);

double adGSF_E2[] = {
0.0,
0.0,
0.0,
0.0,
0.0,
0.0,
0.0,
0.0,
0.0,
0.0,
0.0,
0.0,
0.0,
0.0,
0.0,
0.0,
0.0,
0.0,
0.0,
0.0,
0.0,
0.0,
0.0,
0.0,
0.0,
0.0,
0.0,
0.0,
0.0,
0.0,
0.0,
0.0,
0.0,
0.0,
0.0,
0.0,
0.0,
0.0,
0.0,
0.0,
0.0,
0.0,
0.0,
0.0,
0.0,
0.0,
0.0,
0.0,
0.0,
0.0,
0.0,
0.0,
0.0,
0.0,
0.0,
0.0,
0.0,
0.0,
0.0,
0.0,
0.0,
0.0,
0.0,
0.0,
0.0,
0.0,
0.0,
0.0,
0.0,
0.0,
0.0,
0.0,
0.0,
0.0,
0.0,
0.0,
0.0,
0.0,
0.0,
0.0,
0.0,
0.0,
0.0,
0.0,
0.0,
0.0,
0.0,
0.0,
0.0,
0.0,
0.0,
0.0,
0.0,
0.0,
0.0,
0.0,
0.0,
0.0,
0.0,
0.0,
0.0,
0.0,
0.0,
0.0,
0.0,
0.0,
0.0,
0.0,
0.0,
0.0,
0.0,
0.0,
0.0,
0.0,
0.0,
0.0,
0.0,
0.0,
0.0,
0.0,
0.0,
0.0,
0.0,
0.0,
0.0,
0.0,
0.0,
0.0,
0.0,
0.0,
0.0,
0.0,
0.0,
0.0,
0.0,
0.0,
0.0,
0.0,
0.0,
0.0,
0.0,
0.0,
0.0,
0.0,
0.0,
0.0,
0.0,
0.0,
0.0,
0.0,
0.0,
0.0,
0.0,
0.0,
0.0,
0.0,
0.0,
0.0,
0.0,
0.0,
0.0,
0.0,
0.0,
0.0,
0.0,
0.0,
0.0,
0.0,
0.0,
0.0,
0.0,
0.0,
0.0,
0.0,
0.0,
0.0,
0.0,
0.0,
0.0,
0.0,
0.0,
0.0,
0.0,
0.0,
0.0,
0.0,
0.0,
0.0,
0.0,
0.0,
0.0,
0.0,
0.0,
0.0,
0.0,
0.0,
0.0,
0.0,
0.0,
0.0
};
TGraph *grGSF_E2 = new TGraph(nGSF_ETable,adGSF_ETable,adGSF_E2);

