#include "TGraph.h"

double adETable[] = {
0.0,
0.04853266331658292,
0.09706532663316585,
0.14559798994974876,
0.1941306532663317,
0.24266331658291462,
0.2911959798994975,
0.3397286432160805,
0.3882613065326634,
0.4367939698492463,
0.48532663316582925,
0.5338592964824121,
0.582391959798995,
0.630924623115578,
0.679457286432161,
0.7279899497487439,
0.7765226130653268,
0.8250552763819097,
0.8735879396984926,
0.9221206030150756,
0.9706532663316585,
1.0191859296482413,
1.0677185929648243,
1.1162512562814073,
1.16478391959799,
1.2133165829145731,
1.261849246231156,
1.310381909547739,
1.358914572864322,
1.4074472361809047,
1.4559798994974877,
1.5045125628140705,
1.5530452261306535,
1.6015778894472366,
1.6501105527638193,
1.6986432160804024,
1.7471758793969852,
1.7957085427135682,
1.8442412060301512,
1.892773869346734,
1.941306532663317,
1.9898391959798998,
2.0383718592964826,
2.086904522613066,
2.1354371859296486,
2.1839698492462314,
2.2325025125628146,
2.2810351758793974,
2.32956783919598,
2.3781005025125634,
2.4266331658291462,
2.475165829145729,
2.523698492462312,
2.572231155778895,
2.620763819095478,
2.6692964824120606,
2.717829145728644,
2.7663618090452267,
2.8148944723618095,
2.8634271356783927,
2.9119597989949755,
2.9604924623115583,
3.009025125628141,
3.0575577889447243,
3.106090452261307,
3.15462311557789,
3.203155778894473,
3.251688442211056,
3.3002211055276387,
3.3487537688442215,
3.3972864321608047,
3.4458190954773875,
3.4943517587939703,
3.5428844221105535,
3.5914170854271363,
3.639949748743719,
3.6884824120603024,
3.737015075376885,
3.785547738693468,
3.8340804020100507,
3.882613065326634,
3.9311457286432168,
3.9796783919597996,
4.028211055276382,
4.076743718592965,
4.125276381909549,
4.173809045226132,
4.222341708542714,
4.270874371859297,
4.31940703517588,
4.367939698492463,
4.4164723618090465,
4.465005025125629,
4.513537688442212,
4.562070351758795,
4.610603015075378,
4.65913567839196,
4.707668341708543,
4.756201005025127,
4.80473366834171,
4.8532663316582925,
4.901798994974875,
4.950331658291458,
4.998864321608041,
5.047396984924624,
5.095929648241207,
5.14446231155779,
5.192994974874373,
5.241527638190956,
5.2900603015075385,
5.338592964824121,
5.387125628140704,
5.435658291457288,
5.4841909547738705,
5.532723618090453,
5.581256281407036,
5.629788944723619,
5.678321608040202,
5.726854271356785,
5.775386934673368,
5.823919597989951,
5.872452261306534,
5.9209849246231165,
5.969517587939699,
6.018050251256282,
6.066582914572866,
6.115115577889449,
6.163648241206031,
6.212180904522614,
6.260713567839197,
6.30924623115578,
6.3577788944723626,
6.406311557788946,
6.454844221105529,
6.503376884422112,
6.551909547738695,
6.600442211055277,
6.64897487437186,
6.697507537688443,
6.746040201005027,
6.7945728643216095,
6.843105527638192,
6.891638190954775,
6.940170854271358,
6.988703517587941,
7.037236180904524,
7.085768844221107,
7.13430150753769,
7.182834170854273,
7.2313668341708555,
7.279899497487438,
7.328432160804021,
7.376964824120605,
7.4254974874371875,
7.47403015075377,
7.522562814070353,
7.571095477386936,
7.619628140703519,
7.6681608040201015,
7.716693467336685,
7.765226130653268,
7.813758793969851,
7.8622914572864335,
7.910824120603016,
7.959356783919599,
8.007889447236183,
8.056422110552765,
8.104954773869348,
8.15348743718593,
8.202020100502514,
8.250552763819098,
8.29908542713568,
8.347618090452263,
8.396150753768845,
8.444683417085429,
8.49321608040201,
8.541748743718594,
8.590281407035178,
8.63881407035176,
8.687346733668344,
8.735879396984926,
8.78441206030151,
8.832944723618093,
8.881477386934675,
8.930010050251258,
8.97854271356784,
9.027075376884424,
9.075608040201006,
9.12414070351759,
9.172673366834173,
9.221206030150755,
9.269738693467339,
9.31827135678392,
9.366804020100505,
9.415336683417086,
9.46386934673367,
9.512402010050254,
9.560934673366836,
9.60946733668342,
9.658000000000001
};
const int nETable = sizeof(adETable)/sizeof(double);

double adRho[] = {6.115494446032074,
6.630720002477999,
7.189352903392571,
7.795050183117833,
8.451776978238483,
9.163832484951461,
9.935878103323295,
10.772967952678837,
11.680581957887266,
12.66466172314148,
13.731649428074924,
14.888530000845405,
16.142876844267782,
17.502901414337067,
18.977506975702777,
20.576346885999307,
22.30988779058502,
24.189478141387873,
26.227422488409484,
28.437062030229495,
30.832861950826043,
33.430506114454055,
36.24699973849195,
39.30078071639422,
42.611840319514535,
46.2018540679616,
50.09432362722085,
54.31473065945413,
58.89070363664894,
63.852198707643765,
69.23169580305637,
75.0644112618969,
81.38852837180457,
88.24544733211624,
95.68005627612551,
103.74102512675202,
112.48112420931785,
121.95756970719752,
132.23239822183282,
143.37287288913095,
155.45192371084866,
168.54862498354427,
182.74871295054209,
198.14514706566277,
214.83871854297874,
232.9387101764034,
252.5636117485577,
273.8418957122646,
296.91285822259795,
321.9275310252106,
349.04967017053275,
378.4568280263565,
410.34151560663133,
444.91246282553817,
482.39598492696786,
523.0374640346039,
567.1029555214193,
614.8809297145331,
666.6841603373175,
722.8517720512574,
783.7514605015798,
849.7818993999808,
921.375350402149,
999.0004928654073,
1083.1654920111905,
1174.421325577777,
1273.3653907408786,
1380.6454149144151,
1496.9636960331782,
1623.08170007592,
1759.8250459261317,
1908.0889102033796,
2068.8438874474023,
2243.1423440180643,
2432.1253073063376,
2637.02993535586,
2859.197615794164,
3100.0827470924555,
3361.262259639549,
3644.4459389587446,
3951.4876186475335,
4284.397316313568,
4645.354391953679,
5036.7218149158225,
5461.061632841264,
5921.1517438529345,
6420.004081787249,
6960.884333517355,
7547.333317445256,
8183.190163114796,
8872.617443688858,
9620.128425817624,
10430.616615286775,
11309.38779186303,
12262.194743050124,
13295.274924135954,
14415.391291069145,
15629.876573472719,
16946.681277624455,
18374.42573364973,
19922.456527649807,
21600.90768819136,
23420.767027709953,
25393.94807312346,
27533.368056543295,
29853.032476640572,
32368.126784240656,
35095.11579235647,
38051.851461437625,
41257.689765442236,
44733.61740378147,
48502.38918864619,
52588.677007105645,
57019.23133314568,
61823.05634696769,
67031.59980795009,
72678.95892425497,
78802.10356678771,
85441.11828875367,
92639.46473517192,
100444.26616018177,
108906.61591470744,
118081.91192396209,
128030.21934441876,
138816.66377434068,
150511.85759198983,
163192.3622124885,
176941.18928945644,
191848.34414248966,
208011.414967969,
225536.21169041784,
244537.45863657363,
265139.54556670773,
287477.34197972866,
311697.0800228569,
337957.31178572646,
366429.9472457666,
397301.37965964834,
430773.7057680783,
467066.04880186816,
506415.99295022426,
549081.1386818476,
595340.7891006087,
645497.7783753405,
699880.4542134049,
758844.82735607,
822776.902167178,
892095.2035720614,
967253.5168890445,
1048743.858489598,
1137099.6967342277,
1232899.444269689,
1336770.2445494407,
1449392.077365462,
1571502.2102678742,
1703900.025013107,
1847452.250636534,
2003098.6374072824,
2171858.108809284,
2354835.4318218054,
2553228.4491658295,
2768335.9208615324,
3001566.026430594,
3254445.583402531,
3528630.0424726284,
3825914.3247442655,
4148244.5720000216,
4497730.886924124,
4876661.1466781795,
5287515.980260083,
5732985.007693153,
6215984.447354375,
6739676.206705962,
7307488.581405841,
7923138.698301941,
8590656.84923076,
9314412.874919374,
10099144.771710027,
10949989.708378766,
11872517.656096414,
12872767.851686923,
13957288.3328866,
15133178.804417284,
16408137.115492234,
17790509.65301547,
19289345.98036735,
20914458.079465266,
22676484.58392046,
24586960.423787925,
26658392.33783047,
28904340.747631367,
31339508.52953716,
33979837.26556416,
36842611.60336974,
39946572.40846586,
43312039.449420065,
46961044.41918411,
50917475.163366206,
55207232.059619874,
59858397.57187235
};
TGraph *grRho = new TGraph(nETable,adETable,adRho);

double adLDa[] = {
0.0,
0.0,
0.0,
0.0,
0.0,
0.0,
0.0,
0.0,
0.0,
0.0,
0.0,
0.0,
0.0,
0.0,
0.0,
0.0,
0.0,
0.0,
0.0,
0.0,
0.0,
0.0,
0.0,
0.0,
0.0,
0.0,
0.0,
0.0,
0.0,
0.0,
0.0,
0.0,
0.0,
0.0,
0.0,
0.0,
0.0,
0.0,
0.0,
0.0,
0.0,
0.0,
0.0,
0.0,
0.0,
0.0,
0.0,
0.0,
0.0,
0.0,
0.0,
0.0,
0.0,
0.0,
0.0,
0.0,
0.0,
0.0,
0.0,
0.0,
0.0,
0.0,
0.0,
0.0,
0.0,
0.0,
0.0,
0.0,
0.0,
0.0,
0.0,
0.0,
0.0,
0.0,
0.0,
0.0,
0.0,
0.0,
0.0,
0.0,
0.0,
0.0,
0.0,
0.0,
0.0,
0.0,
0.0,
0.0,
0.0,
0.0,
0.0,
0.0,
0.0,
0.0,
0.0,
0.0,
0.0,
0.0,
0.0,
0.0,
0.0,
0.0,
0.0,
0.0,
0.0,
0.0,
0.0,
0.0,
0.0,
0.0,
0.0,
0.0,
0.0,
0.0,
0.0,
0.0,
0.0,
0.0,
0.0,
0.0,
0.0,
0.0,
0.0,
0.0,
0.0,
0.0,
0.0,
0.0,
0.0,
0.0,
0.0,
0.0,
0.0,
0.0,
0.0,
0.0,
0.0,
0.0,
0.0,
0.0,
0.0,
0.0,
0.0,
0.0,
0.0,
0.0,
0.0,
0.0,
0.0,
0.0,
0.0,
0.0,
0.0,
0.0,
0.0,
0.0,
0.0,
0.0,
0.0,
0.0,
0.0,
0.0,
0.0,
0.0,
0.0,
0.0,
0.0,
0.0,
0.0,
0.0,
0.0,
0.0,
0.0,
0.0,
0.0,
0.0,
0.0,
0.0,
0.0,
0.0,
0.0,
0.0,
0.0,
0.0,
0.0,
0.0,
0.0,
0.0,
0.0,
0.0,
0.0,
0.0,
0.0,
0.0,
0.0,
0.0,
0.0,
0.0,
0.0,
0.0
};
TGraph *grLDa = new TGraph(nETable,adETable,adLDa);

double adJCut[] = {
1.8973665961010275,
1.8973665961010275,
1.8973665961010275,
1.8973665961010275,
1.8973665961010275,
1.8973665961010275,
1.8973665961010275,
1.8973665961010275,
1.8973665961010275,
1.8973665961010275,
1.8973665961010275,
1.8973665961010275,
1.8973665961010275,
1.8973665961010275,
1.8973665961010275,
1.8973665961010275,
1.8973665961010275,
1.8973665961010275,
1.8973665961010275,
1.8973665961010275,
1.8973665961010275,
1.8973665961010275,
1.8973665961010275,
1.8973665961010275,
1.8973665961010275,
1.8973665961010275,
1.8973665961010275,
1.8973665961010275,
1.8973665961010275,
1.8973665961010275,
1.8973665961010275,
1.9049446017700462,
1.9846178816960718,
2.0612138018368613,
2.1350635909540796,
2.2064430058246898,
2.2755845267727706,
2.3426863082842777,
2.4079188814321757,
2.471430262033008,
2.5333499048942105,
2.5937918075979938,
2.652856977241221,
2.71063541300419,
2.767207715869439,
2.8226464077709625,
2.8770170218191766,
2.9303790103623535,
2.982786506759612,
3.0342889686781933,
3.0849317246864856,
3.1347564413383213,
3.1838015244432336,
3.232102465514054,
3.279692142277532,
3.326601080480187,
3.372857682913246,
3.418488430537958,
3.4635180597561255,
3.5079697191953922,
3.5518651088303965,
3.595224603812914,
3.638067365016306,
3.680411437995982,
3.7222738418158614,
3.7636706489810683,
3.8046170575416047,
3.845127456284317,
3.8852154838060735,
3.924894082155775,
3.9641755456433043,
4.003071565337216,
4.0415932697076675,
4.079751261815024,
4.11755565339635,
4.155016096160303,
4.192141810564878,
4.228941612321117,
4.265423936838646,
4.30159686180505,
4.33746812807034,
4.373045158989441,
4.408335078359623,
4.443344727075641,
4.478080678612867,
4.512549253437665,
4.5467565324345,
4.580708369430514,
4.614410402890679,
4.6478680668496475,
4.6810866011403425,
4.714071060973796,
4.746826325919832,
4.7793571083337705,
4.811667961270343,
4.8437632859224715,
4.875647338619296,
4.907324237414967,
4.938797968297079,
4.970072391041232,
5.001151244736083,
5.032038153001251,
5.062736628918712,
5.093250079696673,
5.123581811083446,
5.153735031547518,
5.183712856238765,
5.213518310744676,
5.243154334654377,
5.272623784942364,
5.301929439182957,
5.331073998605709,
5.360060091001297,
5.388890273486722,
5.417567035138076,
5.446092799498528,
5.4744699269687,
5.502700717086078,
5.530787410699729,
5.558732192046094,
5.586537190731351,
5.614204483625396,
5.6417360966722345,
5.669134006621242,
5.696400142683481,
5.723536388116996,
5.750544581744785,
5.777426519408904,
5.804183955363944,
5.830818603612977,
5.857332139188809,
5.883726199383272,
5.910002384927107,
5.936162261122842,
5.9622073589329325,
5.988139176025301,
6.0139591777783075,
6.039668798247045,
6.0652694410927745,
6.0907624804772045,
6.116149261923207,
6.14143110314353,
6.166609294838916,
6.191685101467021,
6.216659761983411,
6.2415344905558765,
6.266310477253227,
6.29098888870967,
6.315570868765823,
6.340057539087359,
6.364449999762227,
6.388749329877357,
6.412956588075686,
6.437072813094342,
6.461099024284744,
6.485036222115358,
6.508885388657815,
6.532647488057055,
6.553548843983967,
6.56390759258985,
6.574216267717051,
6.584475432592856,
6.594685640536478,
6.604847435195446,
6.614961350774915,
6.625027912260113,
6.635047635632189,
6.6450210280777,
6.654948588191958,
6.66483080617645,
6.674668164030545,
6.684461135737684,
6.694210187446252,
6.703915777645294,
6.7135783573352805,
6.723198370194067,
6.7327762527382236,
6.742312434479881,
6.751807338079249,
6.761261379492962,
6.7706749681183505,
6.780048506933832,
6.789382392635486,
6.798677015769986,
6.807932760863982,
6.8171500065500386,
6.82632912568928,
6.835470485490783,
6.8445744476278945,
6.853641368351498,
6.862671598600379,
6.871665484108753,
6.880623365511049,
6.889545578444034,
6.898432453646357,
6.907284317055601,
6.916101489902897,
6.9248842888052025,
6.933633025855288,
6.942348008709513
};
TGraph *grJCut = new TGraph(nETable,adETable,adJCut);

