#Energy 	 levels_created [this bin] 	 levels_model [MeV^-1] 	 levels_model_from_tot [MeV^-1]
1.47866	0	72.8083	71.9576
1.49499	0	74.7909	73.9195
1.51131	0	76.8333	75.9501
1.52763	0	78.9597	78.0772
1.54396	1	81.0857	80.2043
1.56028	2	83.2922	82.4108
1.5766	1	85.5997	84.7171
1.59293	1	87.9069	87.0234
1.60925	0	90.3063	89.421
1.62558	1	92.8098	91.9216
1.6419	1	95.3129	94.4222
1.65822	2	97.9217	97.0275
1.67455	2	100.637	99.7388
1.69087	3	103.353	102.45
1.70719	2	106.188	105.281
1.72352	1	109.134	108.221
1.73984	2	112.079	111.16
1.75617	3	115.161	114.236
1.77249	1	118.356	117.424
1.78881	1	121.55	120.611
1.80514	2	124.9	123.954
1.82146	3	128.364	127.41
1.83778	1	131.827	130.865
1.85411	3	135.468	134.497
1.87043	1	139.225	138.244
1.88676	4	142.981	141.991
1.90308	4	146.937	145.938
1.9194	0	151.01	150
1.93573	3	155.083	154.063
1.95205	5	159.383	158.351
1.96837	1	163.799	162.756
1.9847	2	168.216	167.161
2.00102	3	172.887	171.821
2.01735	2	177.676	176.597
2.03367	2	182.465	181.373
2.04999	3	187.541	186.435
2.06632	4	192.734	191.614
2.08264	1	197.926	196.792
2.09896	3	203.442	202.293
2.11529	5	209.072	207.908
2.13161	0	214.702	213.523
2.14794	2	220.696	219.5
2.16426	4	226.8	225.588
2.18058	4	232.904	231.676
2.19691	2	239.416	238.17
2.21323	4	246.035	244.771
2.22955	3	252.653	251.371
2.24588	7	259.729	258.428
2.2622	6	266.906	265.585
2.27853	5	274.081	272.742
2.29485	6	281.769	280.409
2.31117	1	289.55	288.169
2.3275	6	297.33	295.928
2.34382	4	305.684	304.259
2.36014	5	314.12	312.673
2.37647	5	322.555	321.086
2.39279	3	331.631	330.138
2.40912	9	340.777	339.26
2.42544	5	349.923	348.383
2.44176	4	359.784	358.217
2.45809	8	369.701	368.108
2.47441	6	379.617	377.999
2.49073	9	390.331	388.685
2.50706	7	401.083	399.409
2.52338	10	411.834	410.134
2.53971	8	423.475	421.744
2.55603	5	435.132	433.372
2.57235	10	446.797	445.007
2.58868	6	459.436	457.614
2.605	9	472.076	470.222
2.62132	7	484.751	482.865
2.63765	8	498.455	496.535
2.65397	9	512.158	510.205
2.6703	9	525.932	523.945
2.68662	7	540.79	538.766
2.70294	11	555.648	553.587
2.71927	8	570.615	568.518
2.73559	10	586.725	584.588
2.75191	7	602.833	600.658
2.76824	10	619.098	616.884
2.78456	10	636.564	634.307
2.80089	12	654.029	651.731
2.81721	11	671.702	669.363
2.83353	17	690.639	688.255
2.84986	12	709.576	707.147
2.86618	14	728.78	726.307
2.8825	9	749.312	746.79
2.89883	10	769.843	767.274
2.91515	13	790.711	788.094
2.93148	10	812.972	810.303
2.9478	17	835.232	832.512
2.96412	13	857.908	855.138
2.98045	13	882.044	879.218
2.99677	17	906.178	903.298
3.01309	14	930.819	927.884
3.02942	17	956.987	953.993
3.04574	16	983.153	980.102
3.06207	18	1009.93	1006.82
3.07839	11	1038.3	1035.13
3.09471	18	1066.67	1063.44
3.11104	20	1095.76	1092.47
3.12736	22	1126.53	1123.16
3.14368	18	1157.29	1153.85
3.16001	25	1188.9	1185.4
3.17633	22	1222.25	1218.68
3.19266	15	1255.6	1251.96
3.20898	20	1289.95	1286.24
3.2253	22	1326.11	1322.32
3.24163	26	1362.27	1358.4
3.25795	20	1399.6	1395.65
3.27427	24	1438.81	1434.78
3.2906	20	1478.01	1473.9
3.30692	24	1518.57	1514.38
3.32325	22	1561.08	1556.8
3.33957	31	1603.58	1599.21
3.35589	26	1647.65	1643.2
3.37222	28	1693.74	1689.19
3.38854	26	1739.83	1735.18
3.40486	29	1787.71	1782.98
3.42119	32	1837.68	1832.84
3.43751	35	1887.65	1882.71
3.45384	25	1939.68	1934.64
3.47016	38	1993.86	1988.71
3.48648	32	2048.04	2042.78
3.50281	35	2104.58	2099.21
3.51913	33	2163.31	2157.83
3.53545	38	2222.05	2216.46
3.55178	41	2283.49	2277.77
3.5681	34	2347.17	2341.34
3.58443	42	2410.86	2404.9
3.60075	36	2477.61	2471.53
3.61707	46	2546.66	2540.44
3.6334	47	2615.71	2609.36
3.64972	45	2688.24	2681.76
3.66604	47	2763.11	2756.48
3.68237	39	2837.97	2831.21
3.69869	45	2916.78	2909.87
3.71502	44	2997.95	2990.89
3.73134	50	3079.12	3071.91
3.74766	53	3164.75	3157.39
3.76399	58	3252.76	3245.23
3.78031	53	3340.76	3333.08
3.79663	53	3433.81	3425.95
3.81296	56	3529.23	3521.2
3.82928	57	3624.64	3616.45
3.84561	57	3725.74	3717.36
3.86193	72	3829.19	3820.63
3.87825	56	3932.65	3923.9
3.89458	65	4042.49	4033.55
3.9109	69	4154.66	4145.53
3.92722	63	4266.83	4257.5
3.94355	71	4386.18	4376.64
3.95987	71	4507.8	4498.05
3.9762	72	4629.41	4619.45
3.99252	74	4759.09	4748.9
4.00884	90	4890.95	4880.54
4.02517	87	5022.81	5012.17
4.04149	90	5163.71	5152.83
4.05781	88	5306.67	5295.56
4.07414	88	5449.64	5438.28
4.09046	88	5602.73	5591.11
4.10679	83	5757.74	5745.86
4.12311	100	5912.74	5900.61
4.13943	103	6079.08	6066.66
4.15576	97	6247.14	6234.45
4.17208	108	6415.2	6402.24
4.1884	106	6595.93	6582.66
4.20473	112	6778.15	6764.59
4.22105	115	6960.37	6946.51
4.23738	124	7156.73	7142.55
4.2537	119	7354.3	7339.8
4.27002	120	7551.86	7537.05
4.28635	125	7765.21	7750.05
4.30267	140	7979.42	7963.92
4.31899	142	8193.62	8177.78
4.33532	139	8425.42	8409.21
4.35164	151	8657.68	8641.1
4.36797	150	8889.96	8873.02
4.38429	150	9141.78	9124.44
4.40061	155	9393.59	9375.86
4.41694	144	9646.01	9627.89
4.43326	150	9919.04	9900.49
4.44958	168	10192.1	10173.1
4.46591	163	10466.4	10447
4.48223	177	10762.4	10742.5
4.49856	176	11058.4	11038.1
4.51488	185	11356.5	11335.7
4.5312	192	11677.4	11656.2
4.54753	209	11998.4	11976.7
4.56385	201	12322.3	12300.1
4.58017	207	12670.3	12647.6
4.5965	232	13018.3	12995
4.61282	221	13370.3	13346.5
4.62915	218	13747.6	13723.2
4.64547	243	14124.9	14100
4.66179	229	14507.4	14481.9
4.67812	235	14916.4	14890.4
4.69444	250	15325.5	15298.9
4.71076	260	15741.1	15713.9
4.72709	250	16184.7	16156.8
4.74341	278	16628.2	16599.7
4.75974	274	17079.9	17050.7
4.77606	309	17560.8	17530.9
4.79238	299	18041.7	18011.1
4.80871	312	18532.4	18501.2
4.82503	310	19053.9	19021.8
4.84135	319	19575.3	19542.5
4.85768	322	20108.6	20075
4.874	335	20673.9	20639.6
4.89033	347	21239.2	21204.1
4.90665	359	21818.7	21782.8
4.92297	365	22431.7	22394.9
4.9393	380	23044.6	23007
4.95562	373	23674.3	23635.8
4.97194	384	24338.9	24299.5
4.98827	420	25003.5	24963.1
5.00459	427	25687.7	25646.4
5.02092	430	26408.3	26366
5.03724	443	27128.8	27085.6
5.05356	462	27872.3	27828.1
5.06989	490	28653.6	28608.3
5.08621	480	29434.9	29388.5
5.10253	484	30242.8	30195.3
5.11886	513	31089.8	31041.2
5.13518	539	31936.9	31887.2
5.15151	531	32814.8	32763.9
5.16783	567	33733.2	33681.1
5.18415	562	34651.6	34598.3
5.20048	555	35605.5	35550.9
5.2168	587	36601.3	36545.4
5.23312	622	37597.1	37539.9
5.24945	620	38633.6	38575
5.26577	638	39713.3	39653.3
5.2821	677	40792.9	40731.6
5.29842	692	41919.2	41856.4
5.31474	696	43089.8	43025.5
5.33107	709	44260.4	44194.6
5.34739	736	45484.2	45416.8
5.36371	737	46753.4	46684.4
5.38004	787	48022.6	47952
5.39636	818	49352.4	49280.1
5.41269	808	50728.5	50654.5
5.42901	831	52104.7	52028.9
5.44533	860	53549.5	53471.9
5.46166	911	55041.6	54962.1
5.47798	935	56533.6	56452.3
5.4943	947	58103.6	58020.3
5.51063	984	59721.3	59636
5.52695	998	61339.1	61251.8
5.54328	1018	63044.9	62955.5
5.5596	1061	64799	64707.4
5.57592	1092	66553	66459.2
5.59225	1110	68406.5	68310.5
5.60857	1147	70308.3	70210
5.62489	1169	72210	72109.4
5.64122	1172	74224	74120.9
5.65754	1256	76286	76180.4
5.67387	1307	78348	78239.9
5.69019	1318	80536.2	80425.6
5.70651	1370	82771.9	82658.6
5.72284	1372	85007.6	84891.6
5.73916	1436	87385.3	87266.4
5.75548	1489	89809.3	89687.5
5.77181	1481	92233.3	92108.7
5.78813	1573	94816.7	94689
5.80446	1563	97444.9	97314.2
5.82078	1626	100073	99939.3
5.8371	1653	102880	102743
5.85343	1744	105730	105589
5.86975	1733	108579	108436
5.88607	1815	111629	111482
5.9024	1869	114719	114568
5.91872	1894	117809	117654
5.93505	1995	121122	120964
5.95137	2055	124472	124310
5.96769	2052	127822	127656
5.98402	2122	131423	131253
6.00034	2215	135055	134881
6.01666	2269	138687	138509
6.03299	2338	142599	142416
6.04931	2367	146537	146350
6.06564	2519	150475	150284
6.08196	2535	154726	154529
6.09828	2608	158996	158794
6.11461	2657	163265	163059
6.13093	2741	167884	167673
6.14725	2799	172513	172297
6.16358	2893	177143	176921
6.1799	2938	182160	181934
6.19623	3081	187180	186948
6.21255	3067	192209	191971
6.22887	3227	197651	197407
6.2452	3338	203093	202844
6.26152	3399	208558	208303
6.27784	3450	214459	214197
6.29417	3547	220360	220092
6.31049	3717	226299	226024
6.32682	3792	232696	232415
6.34314	3924	239094	238806
6.35946	4068	245548	245252
6.37579	4108	252485	252182
6.39211	4222	259421	259111
6.40843	4331	266434	266117
6.42476	4443	273955	273630
6.44108	4583	281476	281143
6.45741	4745	289097	288756
6.47373	4843	297252	296902
6.49005	5012	305406	305048
6.50638	5080	313687	313320
6.5227	5215	322529	322153
6.53902	5365	331371	330985
6.55535	5506	340369	339975
6.57167	5706	349956	349551
6.588	5850	359542	359128
6.60432	5997	369320	368896
6.62064	6166	379715	379280
6.63697	6386	390109	389663
6.65329	6491	400734	400278
6.66961	6692	412004	411536
6.68594	6864	423273	422794
6.70226	7096	434820	434329
6.71859	7291	447039	446536
6.73491	7515	459258	458743
6.75123	7687	471804	471276
6.76756	7883	485052	484512
6.78388	8129	498301	497747
6.8002	8312	511934	511367
6.81653	8519	526298	525717
6.83285	8657	540663	540067
6.84918	9054	555477	554867
6.8655	9366	571052	570426
6.88182	9563	586626	585985
6.89815	9767	602723	602067
6.91447	10003	619610	618937
6.93079	10368	636496	635807
6.94712	10636	653988	653282
6.96344	10998	672297	671574
6.97977	11283	690606	689865
6.99609	11622	709613	708854
7.01241	11916	729464	728686
7.02874	12356	749315	748519
7.04506	12557	769968	769152
7.06138	12845	791492	790655
7.07771	13294	813015	812159
7.09403	13638	835456	834579
7.11036	13966	858793	857894
7.12668	14408	882130	881209
7.143	14797	906514	905571
7.15933	15148	931817	930850
7.17565	15564	957120	956129
7.19197	16090	983616	982601
7.2083	16507	1.01105e+06	1.01001e+06
7.22462	16967	1.03848e+06	1.03742e+06
7.24095	17330	1.06727e+06	1.06618e+06
7.25727	17907	1.09702e+06	1.0959e+06
7.27359	18299	1.12676e+06	1.12562e+06
7.28992	18993	1.15805e+06	1.15687e+06
7.30624	19459	1.1903e+06	1.1891e+06
7.32256	19895	1.22255e+06	1.22132e+06
7.33889	20518	1.25654e+06	1.25528e+06
7.35521	21053	1.29151e+06	1.29021e+06
7.37154	21604	1.32647e+06	1.32515e+06
7.38786	22248	1.36341e+06	1.36205e+06
7.40418	22821	1.40132e+06	1.39993e+06
7.42051	23432	1.43923e+06	1.43781e+06
7.43683	24070	1.47937e+06	1.47791e+06
7.45315	24771	1.52047e+06	1.51898e+06
7.46948	25571	1.56158e+06	1.56005e+06
7.4858	26173	1.60518e+06	1.60362e+06
7.50213	26901	1.64975e+06	1.64815e+06
7.51845	27657	1.69432e+06	1.69268e+06
7.53477	28459	1.7417e+06	1.74002e+06
7.5511	29120	1.79003e+06	1.7883e+06
7.56742	30018	1.83835e+06	1.83658e+06
7.58374	30820	1.88983e+06	1.88802e+06
7.60007	31659	1.94222e+06	1.94037e+06
7.61639	32690	1.99462e+06	1.99272e+06
7.63272	33436	2.05055e+06	2.04861e+06
7.64904	34530	2.10736e+06	2.10537e+06
7.66536	35511	2.16417e+06	2.16213e+06
7.68169	36233	2.22495e+06	2.22285e+06
7.69801	37233	2.28655e+06	2.2844e+06
7.71433	38314	2.34815e+06	2.34594e+06
7.73066	39455	2.41419e+06	2.41192e+06
7.74698	40284	2.48097e+06	2.47865e+06
7.76331	41723	2.54776e+06	2.54538e+06
7.77963	42660	2.61951e+06	2.61707e+06
7.79595	43839	2.69193e+06	2.68942e+06
7.81228	44948	2.76434e+06	2.76177e+06
7.8286	46372	2.8423e+06	2.83966e+06
7.84492	47408	2.92082e+06	2.91811e+06
7.86125	49012	2.99933e+06	2.99655e+06
7.87757	50247	3.08404e+06	3.08118e+06
7.8939	51663	3.16917e+06	3.16624e+06
7.91022	53081	3.2543e+06	3.25129e+06
7.92654	54487	3.34634e+06	3.34325e+06
7.94287	56201	3.43864e+06	3.43547e+06
7.95919	57568	3.53094e+06	3.52769e+06
7.97551	59089	3.63094e+06	3.6276e+06
7.99184	60695	3.73101e+06	3.72759e+06
